1135305  SMSV ADHTe-DRyQR2aHvTRRdprNt3BpA6wFjScEIeSdCaEAuweFXvM63xT1_iaYHUWa9DXWqxznUS-JS-w1q4-jpm4g4NktqJiK3K4Nf8MC0eOlnEm267OOcZMyo accounts.google.com / 1779278870 1716207568204090 1716206870528136 1 1 0 1 0 2 0
1148797  TAID AJHaeXKD4nh9U_8YyLgcSPNWawfrXAjjeaAhdoQEAXUC08Tw9Vh5j_LWAVFZluh-mIcrXykuCNr2c3lOIGtrMKJa_GAykYJsD3cBAblm1wN-t6QZ5he7fAJm3g3P_1BGhbv6owyF .google.com /ads/measurement 1717417170 1716207570487002 1716207570487002 1 1 0 0 0 2 0
1161320  tmr_lvid 2723976bf12995b2d551b340e8f19b45 .imba.ru / 1744978776 1716207757350067 1716207576200767 0 0 0 1 0 2 0
1161634 ^partitionKey=%28https%2Cskillbox.ru%29 rcuid 664b3fea7d779f928e7882d0 .retailrocket.ru / 1747699200 1716207594488217 1716207594488217 1 0 0 0 0 2 0
1201723  ACCOUNT_CHOOSER AFx_qI7bqCbeJOTllaqh3OPyadzs5KmwNsiTqF4KTDmUciuQ4M7mAzZ_F6TTvkC7TO_myi_Nugbu9KP7txPEaGy7CLMQ8zxHiZs3jZNRHOmEp59zf9kVEarSMWi7mwp2Ccu3kvFIANdi accounts.google.com / 1779278870 1716207568204090 1716206870527796 1 1 0 1 0 2 0
1206203  _gid GA1.2.808418852.1716207576 .imba.ru / 1716293983 1716207757350067 1716207576086573 0 0 0 1 0 2 0
1221517  flocktory-uuid bd1b84af-16c4-492b-9969-6fd5a3b4c779-2 imba.ru / 1744978776 1716207757350067 1716207576303314 0 0 0 1 0 2 0
1243058  _ym_uid 1716207730948857726 .mango-office.ru / 1747743730 1716207730009890 1716207730009890 0 0 0 1 0 2 0
1296882  ST-3opvp5 session_logininfo=AFmmF2swRAIgYNLMY0VmD_usT2xT_L8KT98oIpgzI0qGGjKZCtd434YCIGob-I-IvYZLc6xJRcPYvtD6I4Xp4sL3NEYkDsI5ijT0%3AQUQ3MjNmeGw3OTFfOUV0c21pV3EwT0thQlVEZUFfaTZyNW1GeUlSbkI5Tmx5azZCOG00bXVtTjhPcy1fS2o4THowRVVjOVZ2SGUyNkV5YklvdkNYUDN0LTlEMGotaUY1RlZBRHpNVmdnX1FNcUoyYlFzMmp4Uk9oLUwxbWhwMmEyOG9PMjdBODhBYk1zczdOcGZYVFc3OHc4dVUxLWNBeWtR .youtube.com / 1716206881 1716206876949186 1716206876949186 0 0 0 1 0 2 0
1311399  __Host-GAPS 1:3aKlZzErkK_ypZ67brd_IvR1texxk-ZcRVOjZAg-QlhDSVKNmEwLXe52S-8cNIwdfu0Z4pQZHEKS9P8X_GpyLCt6IEmbgg:XL-OLL4sRO230UNh accounts.google.com / 1779278870 1716207568204090 1716206853212859 1 1 0 1 0 2 0
1366961 ^partitionKey=%28https%2Cmango-office.ru%29 sn-global-customerid ed688598-cd1e-4d35-9a68-4a946ac1574d .sales-ninja.me / 3294044529 1716207729154036 1716207729086393 1 0 0 0 0 2 0
1419788  flocktory-uuid 59a06161-3804-4704-bc15-31644c7cbeed-8 skillbox.ru / 1744978800 1716207600046642 1716207600046642 0 0 0 1 0 2 0
1439724  _ga GA1.2.48003835.1716207727 .mango-office.ru / 1779279740 1716207740251282 1716207727150929 0 0 0 1 0 2 0
1639663 ^partitionKey=%28https%2Cskillbox.ru%29 serv 2 .statad.ru / 2031567598 1716207598211657 1716207596559628 1 1 0 0 0 2 0
1710998  __Secure-1PAPISID AKpwTHwpLjsHEUv1/AiNeMNHr3Uo__gSme .youtube.com / 1779278872 1716206872175076 1716206872175076 1 0 0 1 0 2 0
1734893  rcuid 664b3fea7d779f928e7882d0 .skillbox.ru / 1747743594 1716207594491258 1716207594491258 0 0 0 1 1 2 0
1800664  _ga GA1.1.1720822566.1716207671 .gologin.com / 1779279671 1716207671469038 1716207671469038 0 0 0 1 0 2 0
1919109  access_cookie Y imba.ru / 1747743577 1716207757350067 1716207577914612 0 0 0 1 0 2 0
1987609  rrpvid 556341795577875 .skillbox.ru / 1747743595 1716207595221002 1716207593251608 0 0 0 1 1 2 0
2032411  BITRIX_SM_AB_JS_TEST A .mango-office.ru / 1747311734 1716207734777426 1716207734777426 0 0 0 1 0 2 0
2070349  intercom-device-id-izr1nygf fea89bbf-8938-4511-80a3-1541770b2676 .gologin.com / 1739537678 1716207678749168 1716207678749168 0 0 0 1 1 2 0
2173628  __Secure-1PAPISID AKpwTHwpLjsHEUv1/AiNeMNHr3Uo__gSme .google.com / 1779278870 1716207723210512 1716206870527536 1 0 0 1 0 2 0
2204040  tmr_lvidTS 1716207599973 .skillbox.ru / 1744978799 1716207599973577 1716207599973577 0 0 0 1 0 2 0
2218751  _gid GA1.2.1802578261.1716207729 .mango-office.ru / 1716294140 1716207740251715 1716207729499542 0 0 0 1 0 2 0
2326628  session_id 6024d781bafa853f6402c1ad3aa84ab37d8d0dbf imba.ru / 1723983581 1716207757350067 1716207573357684 0 1 0 1 0 2 0
2348231  __Secure-3PSID g.a000jwg-VQOpc1vIkU6HCoW98Slpq3Q5BXsM_EQ947bVsf9LQ2Nu6xMYg5S-d7aMDQEzbhFSvgACgYKAW4SARASFQHGX2MiK8m44joMhLFDj6I2E0_vOhoVAUF8yKqtZCFxZHHKFT13pr20gxbL0076 .google.com / 1779278870 1716207723210512 1716206870526329 1 1 0 0 0 2 0
2372323  __Host-user_session_same_site gnDG8SPIskMoPjrttBtPBKSBKck8n6zCD1Amq6HgfgRNCRFm github.com / 1717415825 1716208528575409 1716206225444506 1 1 0 2 2 2 0
2417348  regionIso MOS .mango-office.ru / 1747743731 1716207734777924 1716207734777924 0 0 0 1 0 2 0
2481740  rr-testCookie testvalue .skillbox.ru / 1716207603 1716207593249277 1716207593249277 0 0 0 1 1 2 0
2492553  _device_id 65ae3210fd5559ef9f6eaa4417b43f3f github.com / 1747742222 1716208528575409 1716206222922895 1 1 0 1 1 2 0
2538697  BITRIX_SM_menu2024 menu_a .mango-office.ru / 1747311734 1716207734778102 1716207734778102 0 0 0 1 0 2 0
2569703  qrator_msid 1716207591.600.Xi8Yzxhgz811xz4e-2ndlukgmkuoniod44pbc892tad6k5071 skillbox.ru / 1716209592 1716207592041006 1716207592041006 0 0 0 1 0 2 0
2590567  intercom-id-izr1nygf 3e263d23-60a0-4eed-89bb-b77751c706e6 .gologin.com / 1739537678 1716207678748923 1716207678748923 0 0 0 1 1 2 0
2638923  sbjs_first typ%3Dorganic%7C%7C%7Csrc%3Dgoogle%7C%7C%7Cmdm%3Dorganic%7C%7C%7Ccmp%3D%28none%29%7C%7C%7Ccnt%3D%28none%29%7C%7C%7Ctrm%3D%28none%29 .skillbox.ru / 1718799593 1716207593749222 1716207593749222 0 0 0 1 0 2 0
2649514  tmr_lvidTS 1716207576199 .imba.ru / 1744978776 1716207757350067 1716207576200974 0 0 0 1 0 2 0
2744220  NID 514=wxgOqXjo-3hi4ws6Dpdep2v-cm9knK6y9l_SQ5HmdIeqc9JcDc4-28WOKMmFRBSsAMuLSEc2iRZm1uDFgT81eqaOrAGOUcSycTisKSzONSKkyiDTYX7Q5diXkgBOB3NsdBZ4E8K_y7YtJQ80tjGNULuB4uUR1ua0ZTXDFhtaNwXSKQ7CzNfnlWUyWJzbo-LbvZOTC5baLySIiQPMfSJsMHphyQy5UWdp4yD7s2UOpHP5ZcabwJq1oQABF6xBYC7BcHW5_6ivrglIG6Zke6u6vV6NcUPCG6gr0g .google.com / 1732018855 1716207723210512 1716206874564823 1 1 0 0 0 2 0
2796742  regionCode moskva .mango-office.ru / 1747743731 1716207734777761 1716207734777761 0 0 0 1 0 2 0
2818745  ST-tladcw session_logininfo=AFmmF2swRAIgYNLMY0VmD_usT2xT_L8KT98oIpgzI0qGGjKZCtd434YCIGob-I-IvYZLc6xJRcPYvtD6I4Xp4sL3NEYkDsI5ijT0%3AQUQ3MjNmeGw3OTFfOUV0c21pV3EwT0thQlVEZUFfaTZyNW1GeUlSbkI5Tmx5azZCOG00bXVtTjhPcy1fS2o4THowRVVjOVZ2SGUyNkV5YklvdkNYUDN0LTlEMGotaUY1RlZBRHpNVmdnX1FNcUoyYlFzMmp4Uk9oLUwxbWhwMmEyOG9PMjdBODhBYk1zczdOcGZYVFc3OHc4dVUxLWNBeWtR .youtube.com / 1716206881 1716206876880563 1716206876880563 0 0 0 1 0 2 0
2838419  GPS 1 .youtube.com / 1716208638 1716206838312132 1716206838312132 1 1 0 1 0 2 0
2888736  SSID APg4ESDcrsRpwmYv7 .google.com / 1779278870 1716207723210512 1716206870527080 1 1 0 1 0 2 0
2903647  _clck iiszay%7C2%7Cflx%7C0%7C1601 .gologin.com / 1747743672 1716207672830792 1716207672830792 0 0 0 1 0 2 0
2937014  saved_user_sessions 133228041%3AgnDG8SPIskMoPjrttBtPBKSBKck8n6zCD1Amq6HgfgRNCRFm github.com / 1723982225 1716208528575409 1716206225444188 1 1 0 1 1 2 0
2955783  OTZ 7565060_44_44_123780_40_436260 ogs.google.com / 1718799572 1716207572722024 1716207572722024 1 0 0 1 0 2 0
3067347  BITRIX_SM_kernel -crpt-kernel_0 .mango-office.ru / 1716222125 1716207725025981 1716207725025981 1 1 0 1 0 2 0
3105541  _ct 1800000000333336854 www.mango-office.ru / 1873918800 1716207728474138 1716207728474138 0 0 0 1 0 2 0
3113305  LSID s.RU|s.youtube:g.a000jwg-VSxLOX2rsXrNtTMNC7TciTSUuOmPOe607wHgpvkrhjzhEyj0GO4vrt5Af4AZ7yxkSAACgYKAQoSARASFQHGX2MiKc3RYfmNSY4aCevAXiEbgBoVAUF8yKo2lUkek4n8TT9CjVStJUfI0076 accounts.google.com / 1779278870 1716207568204090 1716206870526511 1 1 0 1 0 2 0
3156407  __Secure-3PSIDTS sidts-CjEBLwcBXP_DPSs6n9rx_sXCwgyhtYXsvltZZwb6rvkN2cRxHbxAEjXlnFwmuoxVs5szEAA .youtube.com / 1747742872 1716206872174632 1716206872174632 1 1 0 0 0 2 0
3249412  _ym_isad 1 .imba.ru / 1716279576 1716207757350067 1716207576239278 0 0 0 1 0 2 0
3261780  HSID AN33YcmP_2LGRzjg- .google.com / 1779278870 1716207723210512 1716206870526917 0 1 0 1 0 2 0
3309017  LOGIN_INFO AFmmF2swRgIhAN1cpPHdz9JRulme7rOzTy6KDfJBZSrm0bzSkL8gDVlwAiEAjRpDiUTp4F02UUhWTu1mLPNUa3zOUw6chHTHUxBNFtI:QUQ3MjNmemV5eW9uUDdEQW5GNE95UnZMUjZuRnhCdUdkVjFhRTBybWZqREduM1JMNHByZUZ4aFluMzlwV1J0OGg0aXpFZHctbzF3SkprOGpNNFg4UXhGbDRuMFl5aWxoTThfa3M0aXZwQXN0VE1zdF9BaWVDQ0dLeFQtZFBYbHBMM05keTRTQnhnVXZwMzVoQk9kZHkzeVpELUZLOU1KOVVB .youtube.com / 1779278874 1716206874078871 1716206874050444 1 1 0 0 0 2 0
3322565 ^partitionKey=%28https%2Cmango-office.ru%29 uid 99fcbf6e-56ec-3873-9ce3-bf5dd77f3ff6 .datadrivenpromotion.com / 1731759727 1716207727749445 1716207727749445 1 1 0 0 0 2 0
3361954  utm_aggregated_data utm_source=google|||utm_medium=organic|||utm_campaign=(none)|||utm_content=(none)|||utm_term=(none) .skillbox.ru / 1718799593 1716207593752872 1716207593752872 0 0 0 1 0 2 0
3498639  BITRIX_SM_utm_medium organic .mango-office.ru / 1747311734 1716207734778401 1716207734778401 0 0 0 1 0 2 0
3570997  BITRIX_SM_popup_marketing 1 skillbox.ru / 1716812416 1716207616449522 1716207616449522 0 0 0 1 0 2 0
3589903  NID 514=n95lSdArGGf11dZtTxkfDUcy0c4gu_BbOkYsRtACi7iAURZH7W6EBj-pgShIyF6uR6MbLuoL9IzxoD_HPaS3ptLQZvsrULdA-VAiO4WhkFPa_0imAenfwvT9Ib53uhLwBkhog7cEjFz5wDFp6M_5KA3OtNajL2Q1hSQ8TygUe3s .google.ru / 1732018073 1716206873862146 1716206873862146 1 1 0 0 0 2 0
3617349  mgo_sb_first typ%253Dorganic%257C%252A%257Csrc%253Dgoogle%257C%252A%257Cmdm%253Dorganic%257C%252A%257Ccmp%253D%2528none%2529%257C%252A%257Ccnt%253D%2528none%2529%257C%252A%257Ctrm%253D%2528none%2529%257C%252A%257Cmango%253D%2528none%2529 .mango-office.ru / 1731759728 1716207728233390 1716207728233390 1 0 0 0 0 2 0
3633990  mgo_sb_migrations 1418474375998%253D1 .mango-office.ru / 1731759728 1716207728233145 1716207728233145 1 0 0 0 0 2 0
3698088  _ym_uid 1716207576809664934 .imba.ru / 1747743576 1716207757350067 1716207576148109 0 0 0 1 0 2 0
3712441  __Secure-3PAPISID AKpwTHwpLjsHEUv1/AiNeMNHr3Uo__gSme .google.ru / 1779278873 1716206873862083 1716206873862083 1 0 0 0 0 2 0
3712892  __Secure-1PSID g.a000jwg-VQOpc1vIkU6HCoW98Slpq3Q5BXsM_EQ947bVsf9LQ2Nugj7KDi7EmJSVN-D-ZNtPhwACgYKAXUSARASFQHGX2MifpmJzRcrmM8044vXoLozgBoVAUF8yKpWOJcmTGX6gXfhatD1qtsK0076 .google.com / 1779278870 1716207723210512 1716206870526190 1 1 0 1 0 2 0
3719784  _rdt_em 0000000000000000000000000000000000000000000000000000000000000001 .gologin.com / 1723983672 1716207672130772 1716207672130772 1 0 0 2 2 2 0
3792328  AID AJHaeXKHRSYAvMjVClTSHWvShfBP40WKQmMrWCZJHo0 .google.com /ads 1762848000 1716207570487112 1716207570487112 1 1 0 0 0 2 0
3810246 ^partitionKey=%28https%2Cskillbox.ru%29 _ct_client_global_id d43541fc-408c-59c8-aebd-1180d38fc752 .mod.calltouch.ru / 1873887597 1716207597360277 1716207597360277 1 0 0 0 0 2 0
3926252  _ga_1ZTQLS4CL7 GS1.1.1716207575.1.0.1716207583.52.0.0 .imba.ru / 1779279583 1716207757350067 1716207575219715 0 0 0 1 0 2 0
4032134  __Secure-3PSIDTS sidts-CjEBLwcBXPPQx81KfcyYHzR-vXYduo5D4JnnJSZnaZ7xMm3sGHk8TM77FgqIAU0x2eOJEAA .google.com / 1747743568 1716207723210512 1716207568899113 1 1 0 0 0 2 0
4058986  _ga_DMXJCY3KH0 GS1.1.1716207727.1.1.1716207753.34.0.0 .mango-office.ru / 1779279753 1716207753825750 1716207727150005 0 0 0 1 0 2 0
4095870  SIDCC AKEyXzWuy__Tofa7f12RkjmkPz8tYgQUsbbfNieGL1wkaKafYZJYxQGjzJnJDJSUQx6vi8Z2eA .google.com / 1747743723 1716207723322440 1716206870730924 0 0 0 1 0 2 0
4175236  ST-xuwub9 session_logininfo=AFmmF2swRAIgYNLMY0VmD_usT2xT_L8KT98oIpgzI0qGGjKZCtd434YCIGob-I-IvYZLc6xJRcPYvtD6I4Xp4sL3NEYkDsI5ijT0%3AQUQ3MjNmeGw3OTFfOUV0c21pV3EwT0thQlVEZUFfaTZyNW1GeUlSbkI5Tmx5azZCOG00bXVtTjhPcy1fS2o4THowRVVjOVZ2SGUyNkV5YklvdkNYUDN0LTlEMGotaUY1RlZBRHpNVmdnX1FNcUoyYlFzMmp4Uk9oLUwxbWhwMmEyOG9PMjdBODhBYk1zczdOcGZYVFc3OHc4dVUxLWNBeWtR .youtube.com / 1716206888 1716206883095921 1716206883095921 0 0 0 1 0 2 0
4187943  _ym_isad 1 .mango-office.ru / 1716279730 1716207730086865 1716207730086865 0 0 0 1 0 2 0
4239531  __Secure-1PSIDCC AKEyXzW8DNOayFCRXJNPLwURVDH_lBPgq6UWqq5_GI9ziH6lylwwDNnltiV3ofmivm9eH0aW .youtube.com / 1747742890 1716206890120763 1716206874050700 1 1 0 1 0 2 0
4250234  _ym_visorc b .skillbox.ru / 1716209401 1716207601863533 1716207601863533 0 0 0 1 0 2 0
4250863  BITRIX_SM_segment_gid 141753616 .mango-office.ru / 1747743724 1716207734777268 1716207734777268 0 0 0 1 0 2 0
4255157  APISID 4kx75SRvMcx9-w_u/AZywTUHTtmfTP8mwp .youtube.com / 1779278872 1716206872174952 1716206872174952 0 0 0 1 0 2 0
4258957  __Host-1PLSID s.RU|s.youtube:g.a000jwg-VSxLOX2rsXrNtTMNC7TciTSUuOmPOe607wHgpvkrhjzhbFIp-ona2soUcNSj2MkZTAACgYKAXoSARASFQHGX2MiIZmFoFpMqCMTNntXYVfSoxoVAUF8yKoDhSg-L6MzbFOjDVJh9otO0076 accounts.google.com / 1779278870 1716207568204090 1716206870526680 1 1 0 1 0 2 0
4285923  st_uid d0dbb528c803a14b30f4ed1c393c skillbox.ru / 1716466796 1716207596300632 1716207596300632 0 0 0 1 0 2 0
4373985  _ym_visorc w .mango-office.ru / 1716209530 1716207730510108 1716207730510108 0 0 0 1 0 2 0
4385137  tmr_detect 1%7C1716207730076 www.mango-office.ru / 1716294130 1716207730087050 1716207730087050 0 0 0 1 0 2 0
4433017  __Host-3PLSID s.RU|s.youtube:g.a000jwg-VSxLOX2rsXrNtTMNC7TciTSUuOmPOe607wHgpvkrhjzhPesQQw90RcuRvHANHT_lKAACgYKAT0SARASFQHGX2MiTHWAbgS_yBsBzEMNyPwMZxoVAUF8yKpDslJRtgO4lx-lFZJA1-_N0076 accounts.google.com / 1779278870 1716207568204090 1716206870526771 1 1 0 0 0 2 0
4462310  advcake_session_id c9e1f0e5-813b-ecc9-45b2-91738350187b .imba.ru / 1718799576 1716207757350067 1716207576986275 1 0 0 0 0 2 0
4524449  _dc_gtm_UA-163366193-1 1 .imba.ru / 1716207636 1716207576102167 1716207576102167 0 0 0 1 0 2 0
4533425  mgo_sid nr04sdsacw11001bu07e .mango-office.ru / 1716209528 1716207728242470 1716207728242470 1 0 0 0 0 2 0
4561785  AEC AQTF6HzdAnRkq0jKWGW9MPceMO0Sw_x9zkG52Qt_LiY1RtPISpjBQh_N5Q .google.com / 1731759566 1716207723210512 1716207566616972 1 1 0 1 1 2 0
4566884  __Secure-1PSIDTS sidts-CjEBLwcBXPPQx81KfcyYHzR-vXYduo5D4JnnJSZnaZ7xMm3sGHk8TM77FgqIAU0x2eOJEAA .google.com / 1747743568 1716207723210512 1716207568898962 1 1 0 1 0 2 0
4615172  SID g.a000jwg-VQOpc1vIkU6HCoW98Slpq3Q5BXsM_EQ947bVsf9LQ2Nu5MqBgxIW2bviHrDEYvU6VgACgYKAYMSARASFQHGX2Mi92C4ry_MqThctuXpCuX6oBoVAUF8yKogdxE3q4zyxfkbXVO1VZGO0076 .google.ru / 1779278873 1716206873861419 1716206873861419 0 0 0 1 0 2 0
4615646  BITRIX_SM_applyCookiePolicy Y .mango-office.ru / 1747311734 1716207734777104 1716207734777104 0 0 0 1 0 2 0
4624350  SSID AHdhVl5ZRtYFgIPuT .google.ru / 1779278873 1716206873861788 1716206873861788 1 1 0 1 0 2 0
4641221  _gat_UA-163366193-1 1 .imba.ru / 1716207636 1716207576091853 1716207576091853 0 0 0 1 0 2 0
4668018  SSID AHdhVl5ZRtYFgIPuT .youtube.com / 1779278872 1716206872174895 1716206872174895 1 1 0 1 0 2 0
4710986  tmr_lvidTS 1716207730067 .mango-office.ru / 1744978930 1716207730068446 1716207730068446 0 0 0 1 0 2 0
4752051  logged_in yes .github.com / 1747742225 1716208528575409 1716206216168374 1 1 0 1 1 2 0
4759369  _ym_isad 1 .gologin.com / 1716279676 1716207676826522 1716207676826522 0 0 0 1 0 2 0
4903933 ^partitionKey=%28https%2Cmango-office.ru%29 pid NTI4NDQwNmUxOTI1NGQz .dsp.solta.io / 1763641329 1716207729263914 1716207729263914 1 0 0 0 0 2 0
5008969  _ym_d 1716207576 .imba.ru / 1747743576 1716207757350067 1716207576151346 0 0 0 1 0 2 0
5097442  skb-utm-session 1-50802d04-e84d-4645-b585-067e9da2d97f .skillbox.ru / 1716209397 1716207597913187 1716207597913187 0 0 0 1 0 2 0
5217586  BITRIX_SM_popup_close 1 skillbox.ru / 1716294016 1716207616449405 1716207616449405 0 0 0 1 0 2 0
5274522  _ct_client_global_id 76e2f67f-cbe8-5633-89a2-feabbeb1784a www.mango-office.ru / 1873918800 1716207728770905 1716207728770905 0 0 0 1 0 2 0
5290015  _gat_gtag_UA_18948707_1 1 .mango-office.ru / 1716207789 1716207729501718 1716207729501718 0 0 0 1 0 2 0
5318826  im_livechat_history ["/glossary/cookies-76"] imba.ru / 1716293975 1716207757350067 1716207575835790 0 0 0 1 0 2 0
5470359  mgo_sb_current typ%253Dorganic%257C%252A%257Csrc%253Dgoogle%257C%252A%257Cmdm%253Dorganic%257C%252A%257Ccmp%253D%2528none%2529%257C%252A%257Ccnt%253D%2528none%2529%257C%252A%257Ctrm%253D%2528none%2529%257C%252A%257Cmango%253D%2528none%2529 .mango-office.ru / 1731759728 1716207728233318 1716207728233318 1 0 0 0 0 2 0
5512941  mgo_cnt 1 .mango-office.ru / 253402300799 1716207728242384 1716207728242384 1 0 0 0 0 2 0
5524589  advcake_track_id 1fe4bdd6-3820-e731-91c5-870770cc95c1 .imba.ru / 1718799576 1716207757350067 1716207576986005 1 0 0 0 0 2 0
5627746  skb-client-id 50802d04-e84d-4645-b585-067e9da2d97f .skillbox.ru / 1747743595 1716207595569010 1716207595569010 0 0 0 1 0 2 0
5633673  sbjs_current typ%3Dorganic%7C%7C%7Csrc%3Dgoogle%7C%7C%7Cmdm%3Dorganic%7C%7C%7Ccmp%3D%28none%29%7C%7C%7Ccnt%3D%28none%29%7C%7C%7Ctrm%3D%28none%29 .skillbox.ru / 1718799593 1716207593749106 1716207593749106 0 0 0 1 0 2 0
5695356  _octo GH1.1.1416342654.1716206216 .github.com / 1747742216 1716208528575409 1716206216168247 1 0 0 1 1 2 0
5707409 ^partitionKey=%28https%2Cgologin.com%29 MR 0 .c.bing.com / 1716812478 1716207678844022 1716207678844022 1 0 0 0 0 2 0
5744165  __Secure-3PSIDCC AKEyXzUcSkjoDKEx6j4dAlbIRwaKiJomf2UorA9TLE7uJNODoShpCGMhI2o6otRFfZ3pWFzOxQ .youtube.com / 1747742890 1716206890120873 1716206874050766 1 1 0 0 0 2 0
5835567  _gcl_au 1.1.832131891.1716207595 .skillbox.ru / 1723983595 1716207595302781 1716207595302781 0 0 0 1 0 2 0
5854019  BITRIX_SM_kernel_0 69Vj7LJaIxfnAF2AVUnwQQQCXKKNG7-OoSlQ4A9xu8owhlwNpndQzzDDg7AE-ATvAoXe3pNq5hLdfa0E3nBlqG3GDzoaE7DB-ZEgvn6yt3hguGAd6pjg5NMPLwvKNLOFiQz4FjS0Swy9Vc3QPIA4ZmUa4bLrOASWfYPOA5ou-bXCeVPn-uj08ggCIqorm0EbymSEWRp7V2lXjr2A-69iERSG8CPoggMnTN-KpveNMz4aF1mTbjgM1KuqDe98ZdEKWPLhKcCa9ADoSdiQMB03mXLTdt5QDSHREWZo6ex7WeqashQyH-uDVaHMqpWuS_E9bGqvgAUxHr38v32ax4zuyGChYG_2UojfITtdyqsCzgx9SfJC87R5sLmM0DpkxH4EKOCQcLnijJIvoQmg0Ru06ASq4Gvc4RTcLotI28IUoyOXtXAQ6Zh2CbuNmTQN5ozMSNmBnwEsYuksTNy251oEoEUE2sqGfJvZZO6hZqu0HdfKCgBudwTqthBBzJTPF1laD_2s7ecRVzrwy4P8GuNzzIftRdXmLYAZBNrR20OdC9NLuyAxn3-FrlF9a-lb878IfVKRxv1r_cAvaqDK4Eqj_SVDsjCHOAPF5Ud4NyKhS5bWI-5xhVxaSjHP6Uuque1r-p37-JpQbV46NnDgGSjWbiA6xIbbXsNqyOTT8xGyeHQXtiU3bURc0WewGIsPdzg0_QDk1iBtoJ9tGmTyP7a__PZrT1vIrjUwVpEWOjmwqrfyVWs_ .mango-office.ru / 1716222125 1716207725026091 1716207725026091 1 1 0 1 0 2 0
5880792  skb-session %7B%22firstVisitedPage%22%3A%22https%3A%2F%2Fskillbox.ru%2Fmedia%2Fmarketing%2Fvsye-chto-nuzhno-znat-o-faylakh-cookie-v-odnoy-state%2F%22%2C%22id%22%3A%22b9f15525-de4f-45c6-9333-8a7c92d7a87b%22%2C%22time%22%3A1716207638361%2C%22sessionCount%22%3A1%2C%22gtmEventsCount%22%3A0%2C%22pageViews%22%3A1%2C%22geo%22%3A%7B%22region%22%3A%22notset%22%2C%22country%22%3A%22RU%22%7D%2C%22userAgent%22%3A%7B%22deviceCategory%22%3A%22desktop%22%2C%22browser%22%3A%22Firefox%22%2C%22operatingSystem%22%3A%22Ubuntu%22%7D%2C%22utm%22%3A%7B%22source%22%3A%22google%22%2C%22medium%22%3A%22organic%22%2C%22campaign%22%3A%22default%22%7D%2C%22currentPage%22%3A%22https%3A%2F%2Fskillbox.ru%2Fmedia%2Fmarketing%2Fvsye-chto-nuzhno-znat-o-faylakh-cookie-v-odnoy-state%2F%22%7D .skillbox.ru / 1747743638 1716207638361544 1716207593433959 0 0 0 1 0 2 0
5937710  SIDCC AKEyXzVG9aGl6w-MEh6PQ-6-VJ2BK3GHeVJosw4mPmnOr6tbNN5l3tz1qGrzGXnqNDuuLIITGQ .youtube.com / 1747742890 1716206890120541 1716206874050590 0 0 0 1 0 2 0
5948357  SNID AKzhCTZn4eH3eyoJ_Jf9wqKC3ObDSpPJ5sTC1ocpgOPA6ZFPihJeIXXf-GkBKh8AZQaWSpqA9NJykEkbO0VQ2MqjwEVE63wKlm0 .google.com /verify 1732018074 1716207567433147 1716207567433147 1 1 0 1 1 2 0
6017930  dotcom_user Bl4ck8lue .github.com / 1747742225 1716208528575409 1716206225445176 1 1 0 1 1 2 0
6052255 ^partitionKey=%28https%2Cgologin.com%29 MUID 19C762DCC5C367CA1C647659C4A8664F .bing.com / 1749903678 1716207678843764 1716207678843764 1 0 0 0 0 2 0
6056280  _dc_gtm_UA-110534232-1 1 .skillbox.ru / 1716207745 1716207685718569 1716207685718569 0 0 0 1 0 2 0
6196914  SID g.a000jwg-VQOpc1vIkU6HCoW98Slpq3Q5BXsM_EQ947bVsf9LQ2Nu5MqBgxIW2bviHrDEYvU6VgACgYKAYMSARASFQHGX2Mi92C4ry_MqThctuXpCuX6oBoVAUF8yKogdxE3q4zyxfkbXVO1VZGO0076 .google.com / 1779278870 1716207723210512 1716206870525826 0 0 0 1 0 2 0
6203066  VISITOR_INFO1_LIVE m_ti0dO-vZ0 .youtube.com / 1731758838 1716206838312354 1716206838312354 1 1 0 0 0 2 0
6217046  APISID 4kx75SRvMcx9-w_u/AZywTUHTtmfTP8mwp .google.com / 1779278870 1716207723210512 1716206870527232 0 0 0 1 0 2 0
6244907  _sp_id.d035 bb21dfc1-4f26-47a8-8f75-0c9ed3a96fe2.1716207596.1.1716207686..a4501458-5942-45e7-b53a-f5c95073e34f..512970b6-0c56-4610-8e58-0c2a0eb28528.1716207596376.8 .skillbox.ru / 1779279685 1716207685745063 1716207596369669 1 0 0 0 0 2 0
6271046  __Secure-3PAPISID AKpwTHwpLjsHEUv1/AiNeMNHr3Uo__gSme .google.com / 1779278870 1716207723210512 1716206870527627 1 0 0 0 0 2 0
6315824  tmr_lvid b7ea380b113bcbcaf07fcfc6b4716cea .skillbox.ru / 1744978799 1716207599973010 1716207599973010 0 0 0 1 0 2 0
6330529  sbjs_first_add fd%3D2024-05-20%2015%3A19%3A53%7C%7C%7Cep%3Dhttps%3A%2F%2Fskillbox.ru%2Fmedia%2Fmarketing%2Fvsye-chto-nuzhno-znat-o-faylakh-cookie-v-odnoy-state%2F%7C%7C%7Crf%3Dhttps%3A%2F%2Fwww.google.com%2F .skillbox.ru / 1718799593 1716207593747434 1716207593747434 0 0 0 1 0 2 0
6479208  SAPISID AKpwTHwpLjsHEUv1/AiNeMNHr3Uo__gSme .google.ru / 1779278873 1716206873861911 1716206873861911 1 0 0 1 0 2 0
6521066  PHPSESSID 4psYhdXrY80mwtKSzs5RS26chnTuAin7 .mango-office.ru / 1716209165 1716207725025408 1716207725025408 0 1 0 1 0 2 0
6526945  call_s %3C!%3E%7B%2231i1fokt%22%3A%5B1716209528%2C499061070%2C%7B%22208276%22%3A%22641326%22%7D%5D%2C%22d%22%3A2%7D%3C!%3E .mango-office.ru / 1716209528 1716207728473636 1716207728473636 0 0 0 1 0 2 0
6534819  _ym_d 1716207600 .skillbox.ru / 1747743600 1716207600198094 1716207600198094 0 0 0 1 0 2 0
6570116  _ga GA1.2.958193521.1716207575 .imba.ru / 1779279583 1716207757350067 1716207575220425 0 0 0 1 0 2 0
6575508  _sp_ses.d035 * .skillbox.ru / 1716209485 1716207685745383 1716207596369563 1 0 0 0 0 2 0
6622547  _ym_uid 1716207600612478047 .skillbox.ru / 1747743600 1716207600188964 1716207600188964 0 0 0 1 0 2 0
6698458  MANGO_GUEST_ID 141753616 .mango-office.ru / 1726575723 1716207734776776 1716207734776776 0 0 0 1 0 2 0
6805790  _ym_uid 1716207677125046433 .gologin.com / 1747743676 1716207676743217 1716207676743217 0 0 0 1 0 2 0
6922436  SID g.a000jwg-VQOpc1vIkU6HCoW98Slpq3Q5BXsM_EQ947bVsf9LQ2Nu5MqBgxIW2bviHrDEYvU6VgACgYKAYMSARASFQHGX2Mi92C4ry_MqThctuXpCuX6oBoVAUF8yKogdxE3q4zyxfkbXVO1VZGO0076 .youtube.com / 1779278872 1716206872174448 1716206872174448 0 0 0 1 0 2 0
7010764  __Secure-3PSID g.a000jwg-VQOpc1vIkU6HCoW98Slpq3Q5BXsM_EQ947bVsf9LQ2Nu6xMYg5S-d7aMDQEzbhFSvgACgYKAW4SARASFQHGX2MiK8m44joMhLFDj6I2E0_vOhoVAUF8yKqtZCFxZHHKFT13pr20gxbL0076 .google.ru / 1779278873 1716206873861634 1716206873861634 1 1 0 0 0 2 0
7047843  _ct_client_global_id d43541fc-408c-59c8-aebd-1180d38fc752 skillbox.ru / 1873918800 1716207597362330 1716207597362330 0 0 0 1 0 2 0
7130324 ^partitionKey=%28https%2Cskillbox.ru%29 __cf_bm 2FpsYbg7Egep1ky6lXzg4ueL4Zk5.M6CflLsdpzpdIw-1716207592-1.0.1.1-ZxGhRF9PnA2PYPij48_krq6LQXvmLuHx76lQlSA8g6NFndernP9eE86Mb4aJibXQ3TozA6SuhxOyUUMFX.BX7A .canva.com / 1716209392 1716207592999977 1716207592999977 1 1 0 0 0 2 0
7158050  __Secure-1PSID g.a000jwg-VQOpc1vIkU6HCoW98Slpq3Q5BXsM_EQ947bVsf9LQ2Nugj7KDi7EmJSVN-D-ZNtPhwACgYKAXUSARASFQHGX2MifpmJzRcrmM8044vXoLozgBoVAUF8yKpWOJcmTGX6gXfhatD1qtsK0076 .youtube.com / 1779278872 1716206872174702 1716206872174702 1 1 0 1 0 2 0
7197826  _clsk 2yfp6a%7C1716207674349%7C1%7C1%7Cp.clarity.ms%2Fcollect .gologin.com / 1716294074 1716207674349406 1716207674349406 0 0 0 1 0 2 0
7253412  sbjs_udata vst%3D1%7C%7C%7Cuip%3D%28none%29%7C%7C%7Cuag%3DMozilla%2F5.0%20%28X11%3B%20Ubuntu%3B%20Linux%20x86_64%3B%20rv%3A126.0%29%20Gecko%2F20100101%20Firefox%2F126.0 .skillbox.ru / 1718799593 1716207593749299 1716207593749299 0 0 0 1 0 2 0
7342098  _ga_6Z66XBG8S2 GS1.1.1716207623.1.1.1716207756.60.0.0 .skillbox.ru / 1779279757 1716207757020573 1716207623815225 0 0 0 1 0 2 0
7398456  BITRIX_SM_mango_old_session 56460263727f9d8b2ab8029997fe3dfd .mango-office.ru / 1747311734 1716207734776955 1716207734776955 0 0 0 1 0 2 0
7419151  domain_sid CzYlUyUXv666ByPaCwpVv%3A1716207730750 www.mango-office.ru / 1716812530 1716207730750553 1716207730750553 0 0 0 1 0 2 0
7427146  _ym_isad 1 .skillbox.ru / 1716279600 1716207600319059 1716207600319059 0 0 0 1 0 2 0
7548394  BITRIX_SM_utm_source google .mango-office.ru / 1747311734 1716207734778247 1716207734778247 0 0 0 1 0 2 0
7640185  _rdt_uuid 1716207672127.964d9228-e5f9-41e2-aa22-f8c7d099424b .gologin.com / 1723983672 1716207672129804 1716207672129804 1 0 0 2 2 2 0
7689695  __Secure-1PSIDTS sidts-CjEBLwcBXP_DPSs6n9rx_sXCwgyhtYXsvltZZwb6rvkN2cRxHbxAEjXlnFwmuoxVs5szEAA .youtube.com / 1747742872 1716206872174560 1716206872174560 1 1 0 1 0 2 0
7755656  _gcl_au 1.1.887253010.1716207671 .gologin.com / 1723983671 1716207671222334 1716207671222334 0 0 0 1 0 2 0
7826788  domain_sid H120Mnri5VgDN0qK9MPNX%3A1716207577250 imba.ru / 1716812377 1716207757350067 1716207577265356 0 0 0 1 0 2 0
7834046  _gat_UA-18948707-1 1 .mango-office.ru / 1716207789 1716207729508722 1716207729508722 0 0 0 1 0 2 0
7891504  PREF f6=40000000&tz=Europe.Moscow .youtube.com / 1779278876 1716206876299097 1716206843628694 1 0 0 1 0 2 0
7987431  _gcl_au 1.1.1847821150.1716207726 .mango-office.ru / 1723983726 1716207726504685 1716207726504685 0 0 0 1 0 2 0
8006620  tmr_detect 1%7C1716207576223 imba.ru / 1716293976 1716207757350067 1716207576227003 0 0 0 1 0 2 0
8033058  ST-l3hjtt session_logininfo=AFmmF2swRAIgYNLMY0VmD_usT2xT_L8KT98oIpgzI0qGGjKZCtd434YCIGob-I-IvYZLc6xJRcPYvtD6I4Xp4sL3NEYkDsI5ijT0%3AQUQ3MjNmeGw3OTFfOUV0c21pV3EwT0thQlVEZUFfaTZyNW1GeUlSbkI5Tmx5azZCOG00bXVtTjhPcy1fS2o4THowRVVjOVZ2SGUyNkV5YklvdkNYUDN0LTlEMGotaUY1RlZBRHpNVmdnX1FNcUoyYlFzMmp4Uk9oLUwxbWhwMmEyOG9PMjdBODhBYk1zczdOcGZYVFc3OHc4dVUxLWNBeWtR .youtube.com / 1716206883 1716206878644118 1716206878644118 0 0 0 1 0 2 0
8048913  __Secure-1PSIDCC AKEyXzXFOvZPipdRDqGFbsvzzj8zZ1sZWiloc5IFiwJ_HvXk2w3oa9sMwzd4aJFJwAWtrRK2HQ .google.com / 1747743723 1716207723322610 1716206870731017 1 1 0 1 0 2 0
8067001  __Secure-3PSIDCC AKEyXzVBhL296GEyZ4Kqna2EJrgdUbzmGxEGjoCPJilTUOrHm7FtNu73L58SZvFhmOh_-ifp7w .google.com / 1747743723 1716207723322714 1716206870731112 1 1 0 0 0 2 0
8163631  user_session gnDG8SPIskMoPjrttBtPBKSBKck8n6zCD1Amq6HgfgRNCRFm github.com / 1717415825 1716208528575409 1716206225444359 1 1 0 1 1 2 0
8208243  call_s %3C!%3E%7B%222cda0fc2%22%3A%5B1716209396%2C4550891664%2C%7B%22109599%22%3A%22347588%22%7D%5D%2C%22d%22%3A2%7D%3C!%3E .skillbox.ru / 1716209396 1716207597285342 1716207597285342 0 0 0 1 0 2 0
8212488  mgo_sb_session pgs%253D2%257C%252A%257Ccpg%253Dhttps%253A%252F%252Fwww.mango-office.ru%252Fproducts%252Fcalltracking%252Fglossary%252Fcookies%252F .mango-office.ru / 1716209528 1716207728798930 1716207728233443 1 0 0 0 0 2 0
8239229  __Secure-3PAPISID AKpwTHwpLjsHEUv1/AiNeMNHr3Uo__gSme .youtube.com / 1779278872 1716206872175135 1716206872175135 1 0 0 0 0 2 0
8251563 ^partitionKey=%28https%2Cgologin.com%29 SRM_B 19C762DCC5C367CA1C647659C4A8664F .c.bing.com / 1749903678 1716207678844223 1716207678844223 1 0 0 0 0 2 0
8295006  __Secure-1PSID g.a000jwg-VQOpc1vIkU6HCoW98Slpq3Q5BXsM_EQ947bVsf9LQ2Nugj7KDi7EmJSVN-D-ZNtPhwACgYKAXUSARASFQHGX2MifpmJzRcrmM8044vXoLozgBoVAUF8yKpWOJcmTGX6gXfhatD1qtsK0076 .google.ru / 1779278873 1716206873861554 1716206873861554 1 1 0 1 0 2 0
8315117  SEARCH_SAMESITE CgQIl5sB .google.com / 1731759566 1716207723210512 1716207566616869 0 0 0 2 2 2 0
8372281  OTZ 7565048_44_44_123780_40_436260 accounts.google.com / 1718798856 1716207568204090 1716206856537112 1 0 0 1 0 2 0
8381799  HSID AX_WyIHGoVCRFwkil .google.ru / 1779278873 1716206873861706 1716206873861706 0 1 0 1 0 2 0
8553801  _ym_d 1716207677 .gologin.com / 1747743676 1716207676743586 1716207676743586 0 0 0 1 0 2 0
8819935  DV k3vkbh5xGjxXgPVShWwBWS9e9RNf-RghxDh5AdfYgQAAAFDnUmPnDIwfigAAAOw7mDvytuuRPgAAAI3rylNz9FMWEwAAAA www.google.com / 1716208168 1716207723210512 1716207568370432 0 0 0 1 0 2 0
8832708  SAPISID AKpwTHwpLjsHEUv1/AiNeMNHr3Uo__gSme .google.com / 1779278870 1716207723210512 1716206870527390 1 0 0 1 0 2 0
8856911  mgo_uid cwk57iYOv0E1HNKaqmy4 .mango-office.ru / 253402300799 1716207728242224 1716207728242224 1 0 0 0 0 2 0
8921420  VISITOR_PRIVACY_METADATA CgJSVRIEGgAgNA%3D%3D .youtube.com / 1731758838 1716206838312408 1716206838312408 1 1 0 0 0 2 0
8925833  intercom-session-izr1nygf  .gologin.com / 1716812478 1716207678749044 1716207678749044 0 0 0 1 1 2 0
8952114  isAcceptCookies true skillbox.ru / 1716239139 1716207603119399 1716207603119399 0 0 0 1 0 2 0
9042541  _gid GA1.2.1773028013.1716207600 .skillbox.ru / 1716294085 1716207685713500 1716207599852139 0 0 0 1 0 2 0
9115519 ^partitionKey=%28https%2Cmango-office.ru%29 visit www.mango-office.ru_2405201522076760_2405201522& .datadrivenpromotion.com / 1716209527 1716207727749973 1716207727749973 1 1 0 0 0 2 0
9191961  HSID AX_WyIHGoVCRFwkil .youtube.com / 1779278872 1716206872174829 1716206872174829 0 1 0 1 0 2 0
9197659  sbjs_migrations 1418474375998%3D1 .skillbox.ru / 1718799593 1716207593745657 1716207593745657 0 0 0 1 0 2 0
9252187  __Secure-3PSID g.a000jwg-VQOpc1vIkU6HCoW98Slpq3Q5BXsM_EQ947bVsf9LQ2Nu6xMYg5S-d7aMDQEzbhFSvgACgYKAW4SARASFQHGX2MiK8m44joMhLFDj6I2E0_vOhoVAUF8yKqtZCFxZHHKFT13pr20gxbL0076 .youtube.com / 1779278872 1716206872174766 1716206872174766 1 1 0 0 0 2 0
9313669  SAPISID AKpwTHwpLjsHEUv1/AiNeMNHr3Uo__gSme .youtube.com / 1779278872 1716206872175014 1716206872175014 1 0 0 1 0 2 0
9327795  tmr_detect 0%7C1716207602380 skillbox.ru / 1716294002 1716207602381115 1716207602381115 0 0 0 1 0 2 0
9377745 ^partitionKey=%28https%2Cimba.ru%29 ss_id 80B6282B-6F44-4A56-4F79-BF34FDEE4787 hit.acstat.com / 1719807577 1716207577474313 1716207577474313 0 1 0 1 0 2 0
9389644  sbjs_current_add fd%3D2024-05-20%2015%3A19%3A53%7C%7C%7Cep%3Dhttps%3A%2F%2Fskillbox.ru%2Fmedia%2Fmarketing%2Fvsye-chto-nuzhno-znat-o-faylakh-cookie-v-odnoy-state%2F%7C%7C%7Crf%3Dhttps%3A%2F%2Fwww.google.com%2F .skillbox.ru / 1718799593 1716207593746853 1716207593746853 0 0 0 1 0 2 0
9406852  _ga GA1.2.1319527424.1716207600 .skillbox.ru / 1779279685 1716207685712586 1716207599851128 0 0 0 1 0 2 0
9419875  sbjs_session pgs%3D1%7C%7C%7Ccpg%3Dhttps%3A%2F%2Fskillbox.ru%2Fmedia%2Fmarketing%2Fvsye-chto-nuzhno-znat-o-faylakh-cookie-v-odnoy-state%2F .skillbox.ru / 1716209393 1716207593749368 1716207593749368 0 0 0 1 0 2 0
9435723  __Secure-1PAPISID AKpwTHwpLjsHEUv1/AiNeMNHr3Uo__gSme .google.ru / 1779278873 1716206873862018 1716206873862018 1 0 0 1 0 2 0
9537741  _ga_LQVGW7X8RP GS1.1.1716207671.1.0.1716207671.60.0.0 .gologin.com / 1779279671 1716207671468552 1716207671468415 0 0 0 1 0 2 0
9575829 ^partitionKey=%28https%2Cmango-office.ru%29 _ct_client_global_id 76e2f67f-cbe8-5633-89a2-feabbeb1784a .mod.calltouch.ru / 1873887728 1716207728746666 1716207728746666 1 0 0 0 0 2 0
9582284  _ym_visorc w .imba.ru / 1716209378 1716207757350067 1716207578246436 0 0 0 1 0 2 0
9646966  _ym_d 1716207730 .mango-office.ru / 1747743730 1716207730010059 1716207730010059 0 0 0 1 0 2 0
9663083  APISID 4kx75SRvMcx9-w_u/AZywTUHTtmfTP8mwp .google.ru / 1779278873 1716206873861847 1716206873861847 0 0 0 1 0 2 0
9739113  _ct 200000002673054575 skillbox.ru / 1873918800 1716207597285633 1716207597285633 0 0 0 1 0 2 0
9763671  tmr_lvid 43bc9753f3aee1f9c86c806cd2b93efe .mango-office.ru / 1744978930 1716207730068095 1716207730068095 0 0 0 1 0 2 0
9763672  has_recent_activity 1 github.com / 1716212184 1716208584576295 1716206225444056 1 1 0 1 1 2 0